2000
1
50
155
73
195
30
43
42
232
229
178
249
24
75
188
24
26
27
55
158
79
19
25
0
25
45
114
211
204
185
18
49
71
143
244
247
230
201
97
183
52
106
122
6
143
253
122
136
65
54
156
167
174
211
152
63
16
88
196
44
117
239
61
29
19
93
26
58
32
230
202
4
129
186
246
17
150
143
60
62
65
95
157
17
168
216
7
38
4
26
39
29
249
185
32
218
228
32
52
220
189
136
218
51
14
169
60
246
185
228
127
77
240
22
64
146
190
67
250
234
240
76
132
214
41
96
169
97
106
217
199
88
180
74
70
172
24
194
71
30
91
49
214
22
168
174
47
215
212
190
58
41
82
202
103
170
169
93
48
220
5
23
181
106
89
15
44
50
195
238
233
181
23
56
91
181
157
43
181
232
176
131
41
119
192
199
62
203
17
149
200
28
219
214
38
4
40
106
51
87
185
28
253
206
93
104
195
159
230
253
216
164
209
59
42
247
215
70
204
24
145
8
36
213
24
0
65
28
126
20
78
163
17
178
173
179
179
23
52
151
151
114
218
254
225
25
16
241
220
211
14
178
25
246
85
61
238
165
236
118
120
97
186
40
161
14
131
175
186
88
144
8
21
129
60
137
74
131
36
78
205
12
213
207
241
183
61
234
190
8
228
186
171
72
182
77
23
25
20
104
225
23
248
93
98
178
197
144
94
24
214
108
143
249
134
245
227
17
36
168
4
207
20
177
186
162
77
89
120
83
111
155
117
155
154
136
84
182
195
32
113
42
162
157
219
199
69
217
124
189
242
217
20
20
123
18
94
82
231
172
54
29
124
1
66
151
235
47
119
163
241
169
217
184
159
182
95
200
106
20
234
181
53
186
192
2
205
254
213
129
131
205
122
140
133
33
61
220
81
123
253
88
151
249
172
6
230
198
186
164
16
21
191
238
155
176
80
194
86
226
29
43
219
37
106
207
62
77
14
183
22
52
46
158
136
38
22
230
65
234
187
51
119
180
44
253
127
180
254
172
91
212
134
208
108
187
241
41
63
73
187
245
23
243
200
94
247
103
138
184
153
79
201
217
117
82
205
155
150
58
168
57
123
97
2
217
124
250
193
173
21
209
245
125
195
84
12
193
90
175
126
135
168
204
211
151
254
66
112
134
114
228
9
0
70
220
162
26
254
139
2
204
148
55
158
237
127
82
109
22
224
44
99
246
92
243
136
14
183
213
76
68
122
149
61
19
55
195
7
38
189
243
192
27
157
93
224
227
109
209
221
210
190
161
157
239
116
103
60
182
4
18
104
58
107
217
63
69
3
117
57
56
110
147
243
67
70
129
38
87
227
172
183
204
17
183
240
7
239
131
147
183
4
97
118
28
97
185
103
136
246
33
84
23
20
78
22
56
92
206
204
248
144
101
77
137
113
101
34
111
231
60
25
242
254
126
80
174
221
146
123
118
47
160
152
151
229
163
164
141
157
32
177
54
38
220
251
128
51
91
154
166
132
41
150
7
203
63
97
76
255
52
100
177
26
203
233
133
239
144
210
202
2
151
41
165
101
70
83
127
197
163
198
54
172
233
225
159
53
159
88
171
247
24
44
61
72
220
13
76
131
101
246
21
14
154
66
170
94
50
178
43
116
178
50
14
145
219
245
210
17
112
237
29
229
124
174
17
191
108
183
112
44
71
202
99
101
168
52
168
142
20
156
72
8
40
127
33
166
16
53
234
147
235
22
195
182
82
108
146
216
155
150
77
178
85
90
5
97
169
177
174
114
96
125
66
162
111
217
68
20
237
109
63
63
148
116
16
54
18
32
130
214
6
166
230
129
196
177
229
95
158
105
88
162
248
36
249
232
231
252
124
6
226
195
105
228
219
80
91
252
48
37
238
194
44
253
86
26
30
38
111
141
59
61
102
118
219
196
203
135
155
7
116
20
69
59
11
204
70
93
182
123
48
215
151
141
58
50
5
29
209
180
109
181
114
60
182
236
226
197
194
77
94
80
170
108
48
88
84
142
45
96
78
126
118
29
181
173
102
97
17
51
37
106
154
220
77
40
88
174
175
171
9
181
54
233
171
117
74
188
136
97
133
247
158
70
249
42
93
231
78
102
9
241
106
197
109
142
92
171
114
202
102
113
178
217
49
219
194
56
175
194
220
6
185
248
144
237
226
3
210
178
132
44
255
163
106
66
82
177
89
241
172
228
96
16
206
75
122
5
226
128
68
18
12
154
99
25
69
115
6
97
168
167
245
191
204
237
81
35
50
155
73
195
30
43
42
232
229
178
249
24
75
188
24
26
27
55
158
79
19
25
1
25
45
114
211
204
185
18
49
71
143
244
247
230
201
97
183
52
106
122
6
143
253
122
136
65
54
156
167
174
211
152
63
16
88
196
44
117
239
61
29
19
93
26
58
32
230
202
4
129
186
246
17
150
143
60
62
65
95
157
17
168
216
7
38
4
26
39
29
249
185
32
218
228
32
52
220
189
136
218
51
14
169
60
246
185
228
127
77
240
22
64
146
190
67
250
234
240
76
132
214
41
96
169
97
106
217
199
88
180
74
70
172
24
194
71
30
91
49
214
22
168
174
47
215
212
190
58
41
82
202
103
170
169
93
48
220
5
23
181
106
89
15
44
50
195
238
233
181
23
56
91
181
157
43
181
232
176
131
41
119
192
199
62
203
17
149
200
28
219
214
38
4
40
106
51
87
185
28
253
206
93
104
195
159
230
253
216
164
209
59
42
247
215
70
204
24
145
8
36
213
24
0
65
28
126
20
78
163
17
178
173
179
179
23
52
151
151
114
218
254
225
25
16
241
220
211
14
178
25
246
85
61
238
165
236
118
120
97
186
40
161
14
131
175
186
88
144
8
21
129
60
137
74
131
36
78
205
12
213
207
241
183
61
234
190
8
228
186
171
72
182
77
23
25
20
104
225
23
248
93
98
178
197
144
94
24
214
108
143
249
134
245
227
17
36
168
4
207
20
177
186
162
77
89
120
83
111
155
117
155
154
136
84
182
195
32
113
42
162
157
219
199
69
217
124
189
242
217
20
20
123
18
94
82
231
172
54
29
124
1
66
151
235
47
119
163
241
169
217
184
159
182
95
200
106
20
234
181
53
186
192
2
205
254
213
129
131
205
122
140
133
33
61
220
81
123
253
88
151
249
172
6
230
198
186
164
16
21
191
238
155
176
80
194
86
226
29
43
219
37
106
207
62
77
14
183
22
52
46
158
136
38
22
230
65
234
187
51
119
180
44
253
127
180
254
172
91
212
134
208
108
187
241
41
63
73
187
245
23
243
200
94
247
103
138
184
153
79
201
217
117
82
205
155
150
58
168
57
123
97
2
217
124
250
193
173
21
209
245
125
195
84
12
193
90
175
126
135
168
204
211
151
254
66
112
134
114
228
9
0
70
220
162
26
254
139
2
204
148
55
158
237
127
82
109
22
224
44
99
246
92
243
136
14
183
213
76
68
122
149
61
19
55
195
7
38
189
243
192
27
157
93
224
227
109
209
221
210
190
161
157
239
116
103
60
182
4
18
104
58
107
217
63
69
3
117
57
56
110
147
243
67
70
129
38
87
227
172
183
204
17
183
240
7
239
131
147
183
4
97
118
28
97
185
103
136
246
33
84
23
20
78
22
56
92
206
204
248
144
101
77
137
113
101
34
111
231
60
25
242
254
126
80
174
221
146
123
118
47
160
152
151
229
163
164
141
157
32
177
54
38
220
251
128
51
91
154
166
132
41
150
7
203
63
97
76
255
52
100
177
26
203
233
133
239
144
210
202
2
151
41
165
101
70
83
127
197
163
198
54
172
233
225
159
53
159
88
171
247
24
44
61
72
220
13
76
131
101
246
21
14
154
66
170
94
50
178
43
116
178
50
14
145
219
245
210
17
112
237
29
229
124
174
17
191
108
183
112
44
71
202
99
101
168
52
168
142
20
156
72
8
40
127
33
166
16
53
234
147
235
22
195
182
82
108
146
216
155
150
77
178
85
90
5
97
169
177
174
114
96
125
66
162
111
217
68
20
237
109
63
63
148
116
16
54
18
32
130
214
6
166
230
129
196
177
229
95
158
105
88
162
248
36
249
232
231
252
124
6
226
195
105
228
219
80
91
252
48
37
238
194
44
253
86
26
30
38
111
141
59
61
102
118
219
196
203
135
155
7
116
20
69
59
11
204
70
93
182
123
48
215
151
141
58
50
5
29
209
180
109
181
114
60
182
236
226
197
194
77
94
80
170
108
48
88
84
142
45
96
78
126
118
29
181
173
102
97
17
51
37
106
154
220
77
40
88
174
175
171
9
181
54
233
171
117
74
188
136
97
133
247
158
70
249
42
93
231
78
102
9
241
106
197
109
142
92
171
114
202
102
113
178
217
49
219
194
56
175
194
220
6
185
248
144
237
226
3
210
178
132
44
255
163
106
66
82
177
89
241
172
228
96
16
206
75
122
5
226
128
68
18
12
154
99
25
69
115
6
97
168
167
245
191
204
0
1